   50  2.4452e+05     415.3
   75     38322      50.7
  100     13532     15.86
  125    6175.3     6.961
  150    3252.2     3.583
  175    1886.2     2.011
  200    1171.4     1.236
  225    765.51    0.7866
  250    520.48    0.5224
  275    365.21    0.3589
  300    262.97    0.2537
  325    193.46    0.1834
  350     144.9    0.1316
  375    110.25   0.09882
  400     85.02   0.07534
  425    66.347   0.05893
  450    52.307   0.04597
  475    41.617   0.03624
  500    33.383   0.02881
  525    26.971   0.02309
  550    21.939   0.01864
  575     17.95   0.01498
  600    14.756   0.01223
  625    12.195   0.01005
  650    10.127  0.008307
  675    8.4419  0.006892
  700    7.0618  0.005739
  725    5.9441  0.004828
  750    5.0092  0.004081
  775     4.233  0.003441
  800    3.5871  0.002909
  825    3.0489  0.002495
  850     2.594  0.002108
  875    2.2135  0.001799
  900    1.8922  0.001537
  925    1.6202  0.001314
  950    1.3899  0.001135
  975    1.1946  0.0009763
 1000    1.0282  0.0008432
 1025   0.88636  0.000731
 1050   0.76539  0.0006367
 1075   0.66195  0.0005588
 1100   0.57287  0.0004912
 1125   0.49665  0.0004372
 1150   0.43095  0.0003932
 1175    0.3743  0.0003566
 1200   0.32567  0.0003314
 1225   0.28387  0.0003195
 1250   0.24774  0.0003238
 1275   0.20966  0.0001756
 1300    0.1824  0.0001524
 1325   0.15877  0.0001334
 1350   0.13828  0.0001226
 1375   0.12057  0.0001097
 1400   0.10515  9.822e-05
 1425  0.091726  8.722e-05
 1450  0.080204  6.559e-05
 1475  0.069812  6.631e-05
 1500  0.060929  5.793e-05
 1525  0.053713   8.2e-05
 1550  0.046594  3.919e-05
 1575  0.040697  3.434e-05
 1600  0.035363  3.559e-05
 1625  0.031055  2.638e-05
 1650  0.027097  2.33e-05
 1675  0.024346  4.879e-05
 1700  0.020997  3.916e-05
 1725  0.018035  1.604e-05
 1750  0.015758  1.405e-05
 1775  0.013802  1.21e-05
 1800   0.01197  1.134e-05
 1825  0.010525  9.348e-06
 1850  0.0091874  8.22e-06
 1875  0.0081381  2.759e-05
 1900  0.0081127  5.64e-05
 1925  0.0061026  5.642e-06
 1950  0.0051895  1.625e-05
 1975  0.004641  4.373e-06
 2000  0.0040368  4.035e-06
