   50     47381      65.5
   75    6641.3     7.698
  100    2164.5     2.336
  125     938.8    0.9673
  150    475.85    0.4728
  175    266.66    0.2613
  200    160.43    0.1533
  225    101.78   0.09669
  250    67.285    0.0626
  275    45.984   0.04281
  300    32.288   0.02953
  325    23.189   0.02087
  350    16.973   0.01448
  375    12.633   0.01065
  400    9.5383  0.007958
  425     7.293  0.006021
  450     5.638  0.004612
  475    4.4022  0.003639
  500    3.4674  0.002841
  525    2.7527  0.002236
  550    2.2014  0.001775
  575    1.7719  0.001394
  600    1.4346  0.001119
  625    1.1681  0.0009045
  650   0.95582  0.0007357
  675   0.78577  0.0006011
  700   0.64872  0.0004929
  725   0.53766  0.0004074
  750   0.44725  0.0003392
  775   0.37335  0.0002814
  800   0.31265  0.0002343
  825    0.2626  0.0001981
  850   0.22124  0.0001648
  875   0.18684  0.0001385
  900   0.15819  0.0001166
  925   0.13423  9.914e-05
  950   0.11415  8.386e-05
  975  0.097281  7.113e-05
 1000  0.083057  6.047e-05
 1025  0.071042  5.152e-05
 1050   0.06087  4.399e-05
 1075  0.052239  3.764e-05
 1100  0.044906  3.259e-05
 1125  0.038651  2.802e-05
 1150  0.033315  2.411e-05
 1175  0.028753  2.08e-05
 1200   0.02484   1.8e-05
 1225  0.021486  1.566e-05
 1250  0.018609  1.375e-05
 1275  0.016169  1.184e-05
 1300  0.014035  1.013e-05
 1325    0.0122  8.916e-06
 1350  0.010621  8.547e-06
 1375  0.0092579  8.071e-06
 1400  0.0080701  7.592e-06
 1425  0.0070451  7.059e-06
 1450  0.0061244  4.201e-06
 1475  0.0053702  5.709e-06
 1500  0.0046999  5.418e-06
 1525  0.004388  4.78e-05
 1550  0.0035727  2.418e-06
 1575  0.003127  2.111e-06
 1600  0.0027536  3.183e-06
 1625  0.0023995  1.654e-06
 1650  0.0021014  1.586e-06
 1675  0.0018809  6.985e-06
 1700  0.0016376  5.651e-06
 1725  0.001417  1.031e-06
 1750  0.0012448  9.008e-07
 1775  0.0010959  7.493e-07
 1800  0.00098284  2.271e-06
 1825  0.00084639  5.787e-07
 1850  0.00074413  5.103e-07
 1875  0.00069675  2.556e-05
 1900  0.00095966  5.558e-05
 1925  0.00050144  4.602e-07
 1950  0.00048099  1.193e-05
 1975  0.00038838  3.391e-07
 2000  0.00034542  2.471e-07
