   50  1.2223e+05     199.1
   75     10461     12.82
  100    3264.7     3.711
  125    1408.8     1.522
  150    717.76    0.7476
  175    405.85    0.4159
  200    246.76    0.2498
  225    158.28    0.1564
  250    105.82    0.1042
  275    73.121   0.07055
  300    51.905   0.04916
  325     37.68    0.0351
  350     27.87   0.02474
  375    20.955   0.01838
  400    15.978   0.01385
  425    12.333   0.01058
  450    9.6234  0.008317
  475    7.5812   0.00649
  500    6.0233  0.005111
  525    4.8224  0.004057
  550     3.888  0.003245
  575    3.1543  0.002613
  600    2.5726  0.002087
  625    2.1099    0.0017
  650    1.7389  0.001393
  675    1.4394  0.001147
  700    1.1961  0.0009468
  725   0.99831  0.0007894
  750   0.83633  0.0006588
  775   0.70241  0.0005506
  800   0.59153  0.0004616
  825   0.49996  0.0003904
  850   0.42323  0.0003291
  875   0.35933  0.0002785
  900   0.30575  0.0002361
  925   0.26064  0.0002018
  950   0.22267  0.0001718
  975   0.19061  0.0001468
 1000   0.16347  0.0001258
 1025   0.14044  0.0001082
 1050   0.12085  9.351e-05
 1075   0.10414  8.132e-05
 1100  0.089904  7.174e-05
 1125  0.077722  6.376e-05
 1150  0.067281  5.718e-05
 1175  0.058325  5.24e-05
 1200  0.050696  5.062e-05
 1225  0.044146  5.176e-05
 1250  0.038521  5.812e-05
 1275  0.032878  2.52e-05
 1300  0.028614  2.198e-05
 1325  0.024923  1.916e-05
 1350  0.021743  1.782e-05
 1375  0.018988  1.656e-05
 1400  0.016577  1.573e-05
 1425  0.014512  1.521e-05
 1450  0.012654  9.264e-06
 1475  0.011092  1.555e-05
 1500  0.0097317  1.819e-05
 1525  0.0092517   7.1e-05
 1550  0.0074287  5.385e-06
 1575  0.0065112  4.708e-06
 1600  0.0057299  1.195e-05
 1625  0.0050089  3.688e-06
 1650  0.0043972  3.29e-06
 1675  0.0039186  1.532e-05
 1700  0.0033933  1.057e-05
 1725  0.0029732  2.27e-06
 1750  0.0026138  1.983e-06
 1775  0.0023005  1.68e-06
 1800  0.002061  2.657e-06
 1825  0.0017791  1.297e-06
 1850  0.001565  1.141e-06
 1875  0.0015481  4.631e-05
 1900  0.0021449  0.0001167
 1925  0.0010637   8.6e-07
 1950  0.00099779  2.464e-05
 1975  0.00082394  6.556e-07
 2000  0.00072909  5.498e-07
