  100  8766.08    517.621 
  125  3782.8     235.43 
  150  1907.04    126.192 
  175  1063.01    73.7751 
  200  637.14     46.5066 
  225  402.717    30.8673 
  250  265.255    21.1263 
  275  180.802    14.9232 
  300  126.627    10.8212 
  325  90.6096    7.9809 
  350  66.3319    6.07824 
  375  49.2359    4.60991 
  400  37.12      3.57812 
  425  28.3325    2.80898 
  450  21.8561    2.20924 
  475  17.0676    1.77199 
  500  13.4441    1.43549 
  525  10.6671    1.1752 
  550  8.52674    0.962412 
  575  6.86761    0.797123 
  600  5.56289    0.665467 
  625  4.52654    0.544023 
  650  3.71232    0.458682 
  675  3.05164    0.387201 
  700  2.5208     0.327628 
  725  2.09484    0.283497 
  750  1.73984    0.238501 
  775  1.45562    0.202704 
  800  1.2175     0.175172 
  825  1.02139    0.142823 
  850  0.862477   0.128463 
  875  0.727098   0.111186 
  900  0.623379   0.0974831 
  925  0.529463   0.0826968 
  950  0.450722   0.0738302 
  975  0.385788   0.0622388 
 1000  0.329002   0.0521727 
 1025  0.280284   0.0474706 
 1050  0.240707   0.0430882 
 1075  0.213287   0.0377717 
 1100  0.180922   0.0360823 
 1125  0.155356   0.0280178 
 1150  0.135615   0.0262367 
 1175  0.115356   0.0232758 
 1200  0.100687   0.0168488 
 1225  0.0862252  0.0190064 
 1250  0.0762914  0.0178031 
 1275  0.0662261  0.0165332 
 1300  0.0605883  0.0110105 
 1325  0.0504674  0.00934855 
 1350  0.0464939  0.0137161 
 1375  0.0406594  0.00783768 
 1400  0.0303342  0.00620691 
 1425  0.030426   0.00632462 
 1450  0.0303359  0.00644575 
 1475  0.0202839  0.00440125 
 1500  0.0192039  0.00440723 
 1525  0.0168329  0.00392447 
 1550  0.0147323  0.00352437 
 1575  0.0129124  0.00331589 
 1600  0.0111318  0.00297449 
 1625  0.0099445  0.00256351 
 1650  0.00865776  0.0024577 
 1675  0.00760909  0.0022306 
 1700  0.0070274   0.00193669 
 1725  0.00600372  0.00175142 
 1750  0.00529383  0.00159332 
 1775  0.00466569  0.00145416 
 1800  0.00411493  0.00132396 
 1825  0.00362358  0.00121039 
 1850  0.00327466  0.00103525 
 1875  0.00292099  0.000968928 
 1900  0.00248666  0.000877809 
 1925  0.0020691   0.000894277 
 1950  0.0018737   0.000737414 
 1975  0.00171459  0.000713042 
 2000  0.00152561  0.000656717 
