   50     66903     96.42
   75    9983.6     12.35
  100    3416.2     3.977
  125    1544.8     1.742
  150    813.06    0.8958
  175    471.56    0.5027
  200    292.85    0.3089
  225    191.38    0.1966
  250    130.12    0.1306
  275    91.306   0.08973
  300    65.742   0.06342
  325    48.365   0.04585
  350    36.226   0.03289
  375    27.563   0.02471
  400    21.255   0.01883
  425    16.587   0.01473
  450    13.077   0.01149
  475    10.404   0.00906
  500    8.3457  0.007204
  525    6.7428  0.005772
  550    5.4847   0.00466
  575    4.4876  0.003744
  600     3.689  0.003059
  625    3.0486  0.002513
  650    2.5316  0.002077
  675    2.1105  0.001723
  700    1.7654  0.001435
  725     1.486  0.001207
  750    1.2523   0.00102
  775    1.0583  0.0008601
  800   0.89678  0.0007274
  825   0.76222  0.0006238
  850    0.6485  0.0005271
  875   0.55337  0.0004497
  900   0.47306  0.0003843
  925   0.40505  0.0003286
  950   0.34748  0.0002837
  975   0.29864  0.0002441
 1000   0.25705  0.0002108
 1025   0.22159  0.0001828
 1050   0.19135  0.0001592
 1075   0.16549  0.0001397
 1100   0.14322  0.0001228
 1125   0.12416  0.0001093
 1150   0.10774  9.831e-05
 1175  0.093576  8.915e-05
 1200  0.081417  8.285e-05
 1225  0.070966  7.987e-05
 1250  0.061935  8.096e-05
 1275  0.052416  4.391e-05
 1300  0.045601  3.81e-05
 1325  0.039693  3.335e-05
 1350  0.034571  3.066e-05
 1375  0.030144  2.742e-05
 1400  0.026288  2.455e-05
 1425  0.022931  2.18e-05
 1450  0.020051  1.64e-05
 1475  0.017453  1.658e-05
 1500  0.015232  1.448e-05
 1525  0.013428  2.05e-05
 1550  0.011649  9.798e-06
 1575  0.010174  8.585e-06
 1600  0.0088408  8.897e-06
 1625  0.0077638  6.596e-06
 1650  0.0067742  5.825e-06
 1675  0.0060864  1.22e-05
 1700  0.0052491  9.79e-06
 1725  0.0045088  4.009e-06
 1750  0.0039396  3.513e-06
 1775  0.0034506  3.025e-06
 1800  0.0029925  2.835e-06
 1825  0.0026312  2.337e-06
 1850  0.0022968  2.055e-06
 1875  0.0020345  6.897e-06
 1900  0.0020282  1.41e-05
 1925  0.0015256  1.411e-06
 1950  0.0012974  4.063e-06
 1975  0.0011602  1.093e-06
 2000  0.0010092  1.009e-06
