   50  1.7325e+05     281.3
   75     25461     31.71
  100    8570.9     9.336
  125    3752.6     3.867
  150    1903.4     1.891
  175    1066.6     1.045
  200     641.7     0.613
  225    407.09    0.3868
  250    269.14    0.2504
  275    183.93    0.1713
  300    129.15    0.1181
  325    92.755   0.08346
  350    67.892    0.0579
  375    50.531   0.04261
  400    38.153   0.03183
  425    29.172   0.02408
  450    22.552   0.01845
  475    17.609   0.01456
  500     13.87   0.01137
  525    11.011  0.008944
  550    8.8054  0.007099
  575    7.0874  0.005576
  600    5.7385  0.004474
  625    4.6722  0.003618
  650    3.8233  0.002943
  675    3.1431  0.002404
  700    2.5949  0.001972
  725    2.1506   0.00163
  750     1.789  0.001357
  775    1.4934  0.001126
  800    1.2506  0.0009371
  825    1.0504  0.0007923
  850   0.88494  0.0006593
  875   0.74737  0.0005539
  900   0.63275  0.0004663
  925   0.53691  0.0003966
  950   0.45662  0.0003354
  975   0.38912  0.0002845
 1000   0.33223  0.0002419
 1025   0.28417  0.0002061
 1050   0.24348  0.000176
 1075   0.20896  0.0001505
 1100   0.17962  0.0001304
 1125    0.1546  0.0001121
 1150   0.13326  9.642e-05
 1175   0.11501  8.318e-05
 1200  0.099359  7.202e-05
 1225  0.085944  6.265e-05
 1250  0.074437  5.499e-05
 1275  0.064676  4.734e-05
 1300  0.056138  4.053e-05
 1325  0.048799  3.566e-05
 1350  0.042486  3.419e-05
 1375  0.037032  3.228e-05
 1400  0.032281  3.037e-05
 1425   0.02818  2.824e-05
 1450  0.024498  1.681e-05
 1475  0.021481  2.283e-05
 1500    0.0188  2.167e-05
 1525  0.017552  0.0001912
 1550  0.014291  9.674e-06
 1575  0.012508  8.443e-06
 1600  0.011014  1.273e-05
 1625  0.0095981  6.617e-06
 1650  0.0084055  6.344e-06
 1675  0.0075235  2.794e-05
 1700  0.0065505  2.26e-05
 1725  0.0056681  4.126e-06
 1750  0.0049793  3.603e-06
 1775  0.0043835  2.997e-06
 1800  0.0039314  9.086e-06
 1825  0.0033855  2.315e-06
 1850  0.0029765  2.041e-06
 1875  0.002787  0.0001022
 1900  0.0038386  0.0002223
 1925  0.0020058  1.841e-06
 1950  0.001924  4.773e-05
 1975  0.0015535  1.356e-06
 2000  0.0013817  9.884e-07
