   50  3.2389e+05     566.2
   75     33565     43.49
  100     11320     12.96
  125      5038     5.463
  150    2599.9     2.763
  175    1481.9     1.526
  200    905.86    0.9236
  225    583.39    0.5811
  250    391.26    0.3884
  275    271.03    0.2637
  300    192.79    0.1842
  325     140.2    0.1318
  350    103.86   0.09314
  375     78.19    0.0693
  400    59.687   0.05229
  425     46.12      0.04
  450    36.023   0.03144
  475    28.404   0.02456
  500    22.586   0.01935
  525    18.097   0.01538
  550    14.601   0.01231
  575    11.854  0.009918
  600     9.675  0.007926
  625    7.9402   0.00646
  650    6.5482  0.005297
  675    5.4236  0.004361
  700    4.5098  0.003603
  725    3.7661  0.003003
  750    3.1566  0.002506
  775    2.6527  0.002096
  800    2.2355  0.001757
  825    1.8902  0.001485
  850    1.6012  0.001254
  875    1.3602  0.001061
  900    1.1581  0.0008997
  925   0.98788  0.0007691
  950   0.84449  0.0006551
  975   0.72335  0.0005595
 1000   0.62076  0.0004794
 1025   0.53365  0.000412
 1050    0.4595  0.0003557
 1075   0.39629  0.0003086
 1100   0.34222  0.0002713
 1125   0.29607  0.0002396
 1150   0.25641  0.0002131
 1175   0.22239  0.0001931
 1200   0.19328  0.0001828
 1225   0.16833  0.0001827
 1250   0.14699  0.0001988
 1275    0.1259  9.644e-05
 1300   0.10964  8.425e-05
 1325  0.095582  7.342e-05
 1350  0.083445  6.794e-05
 1375  0.072943  6.296e-05
 1400  0.063735  5.968e-05
 1425  0.055838  5.772e-05
 1450   0.04872  3.573e-05
 1475  0.042753  5.899e-05
 1500  0.037534  7.046e-05
 1525  0.035821  0.0002868
 1550  0.028703  2.081e-05
 1575   0.02518  1.821e-05
 1600  0.022187  4.586e-05
 1625  0.019406  1.428e-05
 1650  0.017054  1.276e-05
 1675   0.01522  5.166e-05
 1700  0.013231  3.541e-05
 1725  0.011566  8.717e-06
 1750  0.010177  7.633e-06
 1775  0.008964  6.524e-06
 1800  0.0080561  1.073e-05
 1825  0.0069462  5.041e-06
 1850  0.0061165  4.434e-06
 1875  0.0060971  0.0001911
 1900  0.0086008  0.0004853
 1925  0.0041691  3.379e-06
 1950  0.0039389  0.000102
 1975  0.0032363  2.573e-06
 2000  0.0028663  2.134e-06
