   50    417770     696.6
   75     63783     82.41
  100   22102.9    25.196
  125    9927.9    10.828
  150    5155.6     5.474
  175    2952.8     3.056
  200    1813.1     1.849
  225    1172.6    1.1734
  250    789.62    0.7728
  275    549.14    0.5302
  300    392.12    0.3718
  325   286.215   0.26686
  350   212.792    0.1895
  375   160.781   0.14143
  400   123.173   0.10717
  425    95.519   0.08301
  450    74.859   0.06442
  475    59.226    0.0508
  500    47.253   0.04018
  525    37.982  0.032034
  550   30.7444  0.025739
  575   25.0374  0.020556
  600   20.4945  0.016704
  625   16.8672  0.013668
  650   13.9503   0.01125
  675    11.585  0.009296
  700    9.6567  0.007711
  725    8.0947  0.006458
  750    6.7982  0.005438
  775    5.7264  0.004567
  800    4.8377  0.0038461
  825    4.0993  0.0032873
  850   3.47894  0.0027673
  875   2.96087  0.0023529
  900   2.52495  0.0020033
  925   2.15711  0.0017106
  950   1.84652  0.0014704
  975   1.58372  0.0012608
 1000   1.36043  0.0010851
 1025   1.17053  0.0009371
 1050   1.00887  0.0008127
 1075   0.87091  0.0007093
 1100   0.75249  0.0006216
 1125   0.65125  0.0005493
 1150   0.56421  0.00048962
 1175   0.48931  0.00043978
 1200  0.425029  0.00040342
 1225  0.369814  0.00038215
 1250  0.322177  0.00037879
 1275  0.274336  0.00022294
 1300  0.238538  0.00019293
 1325  0.207569  0.00016906
 1350  0.180766  0.00015679
 1375  0.157602  0.00014198
 1400  0.137431  0.00012859
 1425  0.119906  0.00011546
 1450  0.104702  8.24e-05
 1475  0.091293  8.914e-05
 1500  0.079729  7.96e-05
 1525  0.071265  0.0002732
 1550  0.060885  4.8864e-05
 1575  0.053205  4.2783e-05
 1600  0.046377  4.832e-05
 1625  0.0406531  3.2997e-05
 1650  0.0355025  2.9644e-05
 1675  0.0318695  7.673e-05
 1700  0.0275475  6.176e-05
 1725  0.0237031  2.0166e-05
 1750  0.0207373  1.7653e-05
 1775  0.0181855  1.5097e-05
 1800  0.0159014  2.0426e-05
 1825  0.0139105  1.1663e-05
 1850  0.0121639  1.0261e-05
 1875  0.0109251  0.00012979
 1900  0.0119513  0.0002787
 1925  0.0081084  7.483e-06
 1950  0.0071135  6.398e-05
 1975  0.0061945  5.729e-06
 2000  0.0054185  5.0234e-06
