   50    412678    612.39
   75   52147.7    63.066
  100   17399.2    19.728
  125    7731.4    8.4236
  150   4007.83    4.2487
  175   2293.07    2.3791
  200    1406.5    1.4357
  225    908.64   0.90868
  250    611.17    0.6019
  275   424.568   0.41151
  300   302.815   0.28826
  325   220.781   0.20674
  350   163.964   0.14658
  375    123.75    0.1093
  400   94.6976  0.082706
  425    73.353  0.063782
  450   57.4254  0.049592
  475   45.3842  0.039091
  500   36.1709  0.030884
  525   29.0449  0.024593
  550    23.486  0.019737
  575   19.1079   0.01581
  600   15.6263   0.01278
  625    12.849  0.010442
  650   10.6171  0.0085824
  675   8.81004  0.0070842
  700   7.33784  0.0058686
  725   6.14343  0.0049058
  750   5.15638  0.0041183
  775   4.34036  0.0034536
  800   3.66385  0.0029052
  825   3.10263  0.0024735
  850   2.63165  0.0020843
  875   2.23848  0.0017693
  900   1.90805  0.0015046
  925   1.62935  0.00128398
  950    1.3942  0.00110132
  975   1.19532  0.00094326
 1000   1.02654  0.00081054
 1025  0.883054  0.00069894
 1050   0.76092  0.00060509
 1075  0.656688  0.00052701
 1100  0.567376  0.00046154
 1125   0.49099  0.00040811
 1150   0.42537  0.00036331
 1175  0.368924  0.00032692
 1200  0.320561  0.00030242
 1225  0.279001  0.0002907
 1250  0.243209  0.00029681
 1275  0.207618  0.0001655
 1300  0.180643  0.00014335
 1325  0.157305  0.000125662
 1350  0.137128  0.000116404
 1375  0.119674  0.000106152
 1400   0.10444  9.7594e-05
 1425  0.0912582  8.9918e-05
 1450  0.0796708  6.1256e-05
 1475  0.0696334  7.7548e-05
 1500  0.0609395  7.9236e-05
 1525  0.0557797  0.00030139
 1550  0.0465592  3.6122e-05
 1575  0.0407445  3.1622e-05
 1600  0.0356623  4.995e-05
 1625  0.0312333  2.4524e-05
 1650  0.0273392  2.1999e-05
 1675  0.0244992  6.584e-05
 1700  0.0212226  4.9787e-05
 1725  0.0183605  1.4975e-05
 1750  0.0160983  1.31126e-05
 1775  0.0141416  1.12186e-05
 1800  0.012491  1.6348e-05
 1825  0.0108701  8.6684e-06
 1850  0.00953036  7.6286e-06
 1875  0.0089172  0.000174764
 1900  0.0108243  0.00041826
 1925  0.00640688  5.6524e-06
 1950  0.00577897  9.0816e-05
 1975  0.0049248  4.3178e-06
 2000  0.00432855  3.7136e-06
