   50     61880     89.45
   75    8436.9     10.15
  100    2973.1     3.391
  125    1355.4     1.483
  150    712.25    0.7639
  175    410.78    0.4352
  200    253.18    0.2615
  225    164.04    0.1657
  250    110.54    0.1113
  275    76.867   0.07588
  300     54.85    0.0532
  325    39.993    0.0382
  350    29.696    0.0271
  375    22.403    0.0202
  400    17.133   0.01528
  425     13.26    0.0117
  450    10.372  0.009071
  475    8.1906  0.007203
  500    6.5214  0.005683
  525    5.2315   0.00452
  550    4.2258  0.003622
  575    3.4346  0.002921
  600    2.8065  0.002337
  625    2.3057  0.001907
  650    1.9034  0.001564
  675    1.5781  0.001289
  700    1.3135  0.001066
  725    1.0978  0.0008876
  750   0.92095  0.0007411
  775   0.77465   0.00062
  800   0.65346  0.0005202
  825   0.55303  0.0004393
  850   0.46894  0.0003714
  875   0.39873  0.0003144
  900    0.3398  0.0002667
  925   0.29015  0.0002267
  950   0.24827  0.0001944
  975   0.21287  0.000166
 1000   0.18286  0.0001422
 1025   0.15735  0.0001221
 1050   0.13563  0.0001052
 1075   0.11709  9.101e-05
 1100   0.10122  7.902e-05
 1125  0.087646  6.971e-05
 1150  0.075979  6.129e-05
 1175  0.065941  5.462e-05
 1200  0.057351  5.01e-05
 1225  0.049951  4.788e-05
 1250    0.0436  4.927e-05
 1275   0.03757  2.88e-05
 1300  0.032757  2.491e-05
 1325  0.028596  2.197e-05
 1350  0.025001  2.017e-05
 1375  0.021882  1.861e-05
 1400  0.019147  1.758e-05
 1425  0.016794  1.699e-05
 1450  0.014666  1.079e-05
 1475  0.012895  1.742e-05
 1500  0.011344  2.125e-05
 1525  0.010896  9.379e-05
 1550  0.0086871  6.305e-06
 1575  0.0076313  5.522e-06
 1600  0.0067436  1.384e-05
 1625  0.0058978  4.336e-06
 1650  0.0051908  3.887e-06
 1675  0.004646  1.215e-05
 1700  0.0040559  8.335e-06
 1725  0.0035357  2.625e-06
 1750  0.0031157  2.302e-06
 1775  0.0027481  1.99e-06
 1800  0.0024793  3.479e-06
 1825  0.0021358  1.54e-06
 1850  0.0018835  1.357e-06
 1875  0.0019066  6.354e-05
 1900  0.0027037  0.0001622
 1925  0.0012891  1.05e-06
 1950  0.0012244  3.419e-05
 1975  0.0010037  7.98e-07
 2000  0.00089022  6.516e-07
