   50    114284    161.92
   75   16624.9    20.048
  100    5580.7     6.313
  125    2483.6    2.7093
  150   1288.91    1.3686
  175    738.22     0.764
  200    453.28    0.4622
  225    293.16   0.29329
  250   197.405    0.1932
  275    137.29   0.13254
  300     98.03   0.09295
  325    71.554   0.06672
  350    53.199   0.04737
  375    40.196   0.03536
  400   30.7933  0.026788
  425     23.88  0.020751
  450    18.715  0.016102
  475   14.8062  0.012699
  500   11.8131  0.010045
  525    9.4955  0.008008
  550    7.6861  0.006435
  575    6.2595  0.005138
  600    5.1236  0.004178
  625    4.2167  0.0034175
  650   3.48742  0.0028127
  675   2.89627  0.0023241
  700   2.41412  0.0019279
  725   2.02366  0.0016144
  750   1.69955  0.0013592
  775   1.43165  0.0011415
  800   1.20943  0.0009617
  825   1.02482  0.0008219
  850   0.86974  0.0006919
  875   0.74021  0.0005882
  900   0.63125  0.0005009
  925   0.53928  0.00042774
  950   0.46163  0.00036756
  975  0.395921  0.00031523
 1000  0.340107  0.00027127
 1025  0.292632  0.00023432
 1050   0.25222  0.00020319
 1075  0.217729  0.00017734
 1100  0.188126  0.00015539
 1125  0.162811  0.00013732
 1150  0.141055  0.00012242
 1175  0.122329  0.00010995
 1200  0.106257  0.00010085
 1225  0.092452  9.553e-05
 1250  0.080544  9.471e-05
 1275  0.068585  5.575e-05
 1300  0.059636  4.823e-05
 1325  0.051893  4.2266e-05
 1350  0.045192  3.9207e-05
 1375  0.0394019  3.5491e-05
 1400  0.0343581  3.2142e-05
 1425  0.0299761  2.8859e-05
 1450  0.0261754  2.0601e-05
 1475  0.0228232  2.2289e-05
 1500  0.0199319  1.9898e-05
 1525  0.017816  6.83e-05
 1550  0.0152217  1.2216e-05
 1575  0.013301  1.0696e-05
 1600  0.0115944  1.208e-05
 1625  0.0101633  8.25e-06
 1650  0.0088756  7.411e-06
 1675  0.0079673  1.9185e-05
 1700  0.0068867  1.5441e-05
 1725  0.0059258  5.04e-06
 1750  0.0051844  4.4138e-06
 1775  0.0045465  3.7743e-06
 1800  0.00397534  5.106e-06
 1825  0.00347759  2.9157e-06
 1850  0.00304093  2.5653e-06
 1875  0.00273125  3.2457e-05
 1900  0.00298786  6.968e-05
 1925  0.00202704  1.8712e-06
 1950  0.00177839  1.5993e-05
 1975  0.00154858  1.4321e-06
 2000  0.00135462  1.2561e-06
