  100  13895.1    485.572 
  125  6252.21    222.508 
  150  3273.84    127.175 
  175  1890.26    80.6306 
  200  1170.26    54.8302 
  225  762.405    37.9761 
  250  517.259    27.6553 
  275  362.248    20.51 
  300  260.319    15.5522 
  325  191.314    12.0565 
  350  143.126    9.39716 
  375  108.84     7.50279 
  400  83.9069    6.05361 
  425  65.4553    4.94466 
  450  51.5901    4.04097 
  475  41.0233    3.28837 
  500  32.9135    2.73443 
  525  26.6028    2.29957 
  550  21.644     1.92376 
  575  17.7159    1.60859 
  600  14.5767    1.38165 
  625  12.0454    1.15947 
  650  10.0188    0.977468 
  675  8.34633    0.832887 
  700  6.99008    0.714013 
  725  5.86536    0.602628 
  750  4.95438    0.532335 
  775  4.18041    0.452388 
  800  3.54111    0.389213 
  825  3.0052     0.335727 
  850  2.55793    0.284029 
  875  2.17847    0.255221 
  900  1.87338    0.216666 
  925  1.59963    0.185445 
  950  1.36565    0.168945 
  975  1.18309    0.15545 
 1000  1.01451    0.123448 
 1025  0.879192   0.108224 
 1050  0.757183   0.0900054 
 1075  0.651686   0.0799626 
 1100  0.55945    0.0711016 
 1125  0.491938   0.0637444 
 1150  0.419984   0.0565834 
 1175  0.371485   0.0412257 
 1200  0.31567    0.0415881 
 1225  0.27623    0.0371856 
 1250  0.240685   0.0286937 
 1275  0.210298   0.0264908 
 1300  0.18015    0.0229469 
 1325  0.159393   0.0196224 
 1350  0.139246   0.0174043 
 1375  0.120872   0.0154592 
 1400  0.10087    0.0128138 
 1425  0.0906208  0.012095 
 1450  0.0807007  0.0110593 
 1475  0.0704072  0.0109494 
 1500  0.0586933  0.0095592 
 1525  0.0512412  0.0087597 
 1550  0.0446295  0.00789256 
 1575  0.0386437  0.00696839 
 1600  0.0338412  0.00623619 
 1625  0.0289592  0.00538321 
 1650  0.0253948  0.00488191 
 1675  0.0223831  0.00444923 
 1700  0.0190712  0.00489582 
 1725  0.0170846  0.00394605 
 1750  0.014906   0.00360863 
 1775  0.0130128  0.00328993 
 1800  0.0113711  0.00301625 
 1825  0.00990668  0.00271533 
 1850  0.00845909  0.00264356 
 1875  0.00712562  0.0023826 
 1900  0.00646285  0.00214613 
 1925  0.0057701   0.00176815 
 1950  0.00501002  0.00177661 
 1975  0.00429895  0.00153636 
 2000  0.00375487  0.00129756 
